=~=~=~=~=~=~=~=~=~=~=~= PuTTY log 2020.12.13 20:51:06 =~=~=~=~=~=~=~=~=~=~=~=
0.51  91.81  14.59
1.02  89.46  14.59
1.53  86.53  14.68
2.04  83.86  14.68
2.55  81.58  14.68
3.05  79.56  14.59
3.56  77.87  14.59
4.07  76.17  14.59
4.58  74.67  14.59
5.09  73.18  14.59
5.60  71.74  14.59
6.11  70.44  14.59
6.62  69.27  14.59
7.13  68.16  14.50
7.63  67.05  14.50
8.14  65.95  14.50
8.65  64.97  14.50
9.16  63.99  14.40
9.67  63.08  14.40
10.18  62.17  14.40
10.69  61.26  14.40
11.20  60.34  14.40
11.71  59.56  14.40
12.21  58.72  14.40
12.72  58.00  14.50
13.23  57.28  14.40
13.74  56.57  14.40
14.25  55.91  14.40
14.76  55.20  14.40
15.27  54.61  14.40
15.78  53.83  14.40
16.29  53.24  14.50
16.79  52.66  14.50
17.30  52.07  14.50
17.81  51.48  14.40
18.32  50.83  14.40
18.83  50.31  14.40
19.34  49.73  14.40
19.85  49.20  14.31
20.36  48.68  14.40
20.86  48.16  14.40
21.37  47.64  14.40
21.88  47.12  14.40
22.39  46.73  14.40
22.90  46.21  14.31
23.41  45.75  14.31
23.92  45.36  14.31
24.43  44.91  14.31
24.93  44.45  14.31
25.44  44.06  14.31
25.95  43.67  14.40
26.46  43.28  14.40
26.97  42.82  14.31
27.48  42.43  14.31
27.99  42.04  14.40
28.50  41.71  14.40
29.00  41.26  14.40
29.51  40.93  14.40
30.02  40.61  14.31
30.53  40.22  14.31
31.04  39.95  14.31
31.55  39.56  14.31
32.06  39.24  14.31
32.57  38.85  14.40
33.07  38.59  14.40
33.58  38.26  14.40
34.09  37.94  14.40
34.60  37.61  14.31
35.11  37.35  14.40
35.62  37.02  14.31
36.13  36.76  14.31
36.64  36.44  14.31
37.14  36.24  14.31
37.65  35.92  14.31
38.16  35.66  14.31
38.67  35.39  14.31
39.18  35.13  14.31
39.69  34.87  14.31
40.20  34.61  14.31
40.71  34.35  14.31
41.21  34.09  14.40
41.72  33.90  14.40
42.23  33.70  14.40
42.74  33.44  14.40
43.25  33.24  14.40
43.76  32.98  14.40
44.27  32.79  14.40
44.78  32.59  14.40
45.28  32.46  14.40
45.79  32.14  14.40
46.30  32.01  14.31
46.81  31.75  14.31
47.32  31.55  14.31
47.83  31.36  14.31
48.34  31.16  14.31
48.85  30.90  14.31
49.35  30.77  14.31
49.86  30.57  14.31
50.37  30.44  14.31
50.88  30.25  14.31
